Scenario          Onshore Wind     Offshore Wind             Solar           Nuclear        Gas (OCGT)   Battery Storage
------------------------------------------------------------------------------------------------------------------------
-0%                   37,672.2               0.0           6,575.1               0.0          22,135.2             237.4
-10%                  37,672.2               0.0           6,575.1               0.0          22,135.2             237.4
-20%                  37,708.2               0.0           7,087.8               0.0          21,803.5             754.1
-30%                  37,729.3               0.0           7,072.1               0.0          21,802.8             754.2
-40%                  37,929.2               0.0           7,310.8               0.0          21,331.3           1,725.4
-50%                  38,043.3               0.0           7,730.9               0.0          20,837.2           3,001.1
-60%                  38,065.0               0.0           9,657.4               0.0          20,643.6           3,592.2
-70%                  37,765.2               0.0          12,102.1               0.0          20,401.0           4,832.0
-80%                  39,284.2               0.0          19,229.4               0.0          17,517.6          25,081.2
